152
24
62
102
68
50
40
132
22
4
25
183
43
8
13
147
67
86
48
126
122
92
15
64
35
56
55
223
95
15
40
26
52
118
43
52
87
204
53
163
213
25
89
60
55
106
102
2
96
205
34
108
81
83
167
36
3
60
16
56
69
21
36
206
109
25
90
86
220
97
16
57
177
196
125
130
93
110
35
31
86
11
9
13
176
53
82
18
126
225
148
136
30
19
140
134
74
54
138
3
118
89
62
107
94
62
130
28
174
114
90
63
193
18
39
245
101
182
135
137
125
17
66
7
100
120
89
48
43
192
105
48
115
51
44
133
18
132
166
89
201
76
115
30
12
68
115
2
77
109
12
191
70
60
135
86
100
46
8
107
72
54
146
87
111
82
161
129
77
119
131
119
73
162
85
146
50
38
115
99
167
4
48
9
132
28
60
153
76
126
232
74
79
147
95
77
135
14
33
32
17
20
65
2
155
108
22
21
201
33
180
14
48
77
12
124
153
43
26
86
5
140
69
25
170
213
67
84
48
107
4
183
49
67
152
197
3
143
103
68
70
64
66
22
16
161
65
22
74
100
192
197
42
103
190
122
