193
110
159
41
234
227
142
73
13
243
174
32
37
176
133
240
70
142
105
105
122
221
51
76
187
135
85
229
174
213
130
27
172
35
164
141
216
226
245
225
24
181
22
172
216
157
113
149
137
222
13
116
126
163
19
152
210
95
205
72
161
79
112
44
235
157
232
113
247
128
141
242
227
209
103
192
161
30
40
246
174
55
166
29
42
9
51
215
165
237
163
184
20
89
85
47
35
186
7
59
255
107
141
142
2
153
241
52
193
195
125
215
5
227
79
249
102
54
196
165
156
157
101
221
126
127
221
238
149
245
50
107
198
180
60
11
116
8
195
80
49
77
151
199
101
99
118
239
56
120
125
222
21
103
178
124
206
9
199
127
84
107
96
140
169
168
34
21
59
178
45
4
255
67
55
52
1
107
100
8
238
99
172
147
185
168
109
8
205
125
16
36
70
251
104
216
64
231
149
131
56
84
80
96
56
254
52
144
223
48
247
253
116
94
50
11
206
97
90
103
213
26
109
214
199
2
88
214
82
155
211
203
171
177
205
31
26
179
253
101
184
75
125
103
176
228
88
7
171
104
208
43
231
97
56
241
