41
134
97
143
166
177
102
205
35
239
199
215
80
184
120
93
3
228
153
231
0
129
36
140
222
191
140
6
79
228
90
1
120
153
121
193
129
22
192
62
237
156
111
112
161
51
11
151
233
17
47
8
207
246
186
116
213
155
221
128
230
100
76
250
126
132
142
27
27
225
157
185
50
13
228
62
254
140
5
215
88
66
175
16
218
62
133
233
39
12
15
48
50
108
225
181
109
132
145
56
137
196
203
35
96
91
111
24
19
81
35
152
198
209
40
4
203
236
61
28
31
140
167
214
26
7
132
190
192
53
155
59
83
129
104
144
98
140
29
169
250
1
36
169
113
31
3
237
133
229
137
31
91
43
43
210
106
55
191
234
12
53
242
53
58
250
195
150
136
59
176
123
182
229
140
198
51
145
215
107
71
95
124
138
53
140
49
161
129
251
248
110
149
104
9
139
199
217
116
99
73
104
145
98
211
146
30
123
22
15
67
239
68
17
38
135
53
54
116
189
218
166
178
239
29
215
21
130
34
48
215
20
122
244
53
228
29
36
150
33
114
11
59
125
192
67
23
29
97
4
16
240
189
200
246
119
